0 1
0 2
0 3
0 4
0 5
0 6
1 7
1 8
1 9
1 10
1 11
1 12
1 13
1 14
1 15
1 16
7 9
7 3
7 17
18 19
18 12
18 5
18 20
18 14
21 22
21 23
21 19
21 24
21 4
21 25
21 26
22 19
22 11
22 4
22 27
22 28
29 9
29 19
29 26
30 3
30 24
30 31
30 26
32 2
32 12
32 31
32 33
32 34
32 28
35 2
35 36
35 25
35 37
35 14
35 27
8 20
8 6
23 38
23 13
23 34
23 28
9 3
2 31
2 33
10 19
10 12
10 31
10 39
10 13
10 16
10 34
10 28
19 11
19 38
19 17
19 31
11 12
11 20
11 27
11 16
11 6
11 34
36 24
36 39
12 24
12 5
12 15
38 3
38 13
38 20
3 37
3 33
3 34
24 13
24 25
24 20
24 15
24 34
24 28
31 39
31 6
31 34
39 25
39 28
4 20
4 37
4 15
13 5
13 14
13 34
13 26
13 28
5 20
5 37
5 14
5 34
25 37
25 16
25 28
37 15
37 27
37 6
37 28
14 34
14 26
33 27
33 6
16 28
34 26
